0 0
0 1
1 0
1 1
30105 3
209 3
23225 3
17190 3
21973 3
12586 3
6512 3
7977 3
31030 3
7612 3
6029 3
19674 3
214 3
1867 3
19577 3
18020 3
25296 3
32145 3
19352 3
29458 3
7015 3
14077 3
26457 3
15205 3
17654 3
10286 3
30975 3
17144 3
17052 3
5934 3
22828 3
25620 3
27043 3
9839 3
21810 3
18707 3
21940 3
4998 3
11545 3
16245 3
21437 3
9641 3
26224 3
8388 3
3998 3
2026 3
32724 3
27944 3
28822 3
2864 3
20802 3
29641 3
20592 3
3066 3
9500 3
9447 3
31085 3
30676 3
22012 3
27067 3
5872 3
11925 3
32060 3
7693 3
1260 4
15197 4
32322 4
1938 4
10766 4
8530 4
31372 4
26379 4
18602 4
14357 4
31359 4
32542 4
29286 4
21510 4
22255 4
11507 4
2728 4
13885 4
12141 4
28302 4
960 4
67 4
31060 4
29423 4
17109 4
10132 4
29586 4
4075 4
22161 4
9429 4
2871 4
14792 4
27788 4
23253 4
31935 4
22683 4
12665 4
28997 4
15904 4
5986 4
2067 4
7991 4
32146 4
2273 4
17093 4
8537 4
16672 4
15933 4
19484 4
22510 4
29427 4
11097 4
27117 4
18576 4
26201 4
29940 4
1861 4
32679 4
8600 4
1151 4
12565 4
3496 4
30837 4
32191 4
12698 5
7182 5
17283 5
29223 5
30350 5
22041 5
16428 5
28147 5
11792 5
8521 5
25985 5
15108 5
18004 5
24985 5
14785 5
30079 5
15370 5
17788 5
29867 5
20004 5
25487 5
21912 5
31364 5
5742 5
6358 5
17477 5
31719 5
29295 5
533 5
14532 5
17999 5
19562 5
20783 5
4671 5
4453 5
26158 5
12260 5
24197 5
21770 5
9269 5
17083 5
130 5
29732 5
28288 5
28331 5
17023 5
18473 5
17200 5
19852 5
20511 5
22893 5
22244 5
32064 5
21525 5
20523 5
24278 5
13728 5
13734 5
27221 5
24756 5
20776 5
12770 5
540 5
9280 5
q
